list(N=1030, N1=1016,
O=c(3,8,1,5,2,7,3,23,1,12,1,3,3,2,2,9,0,1,4,1,1,0,2,1,2,3,1,3,2,2,7,4,2,1,3,5,5,5,2,5,2,0,3,2,0,1,5,10,7,0,3,12,1,2,5,2,2,5,1,2,5,4,5,0,4,4,0,3,5,1,3,5,0,3,2,2,3,2,0,1,8,0,1,2,6,6,4,0,2,4,3,0,3,6,1,2,2,1,13,0,2,1,2,3,3,0,4,0,3,1,3,2,1,1,1,2,12,5,0,3,4,1,2,1,1,3,0,1,3,2,2,3,1,2,2,3,1,0,0,2,0,4,3,5,2,0,4,2,2,6,1,3,1,6,4,1,2,2,3,2,1,4,4,5,3,0,3,1,2,1,20,1,10,1,2,1,4,4,2,4,3,1,2,0,2,4,2,1,2,2,3,2,5,2,9,1,3,7,4,1,2,1,3,1,4,3,3,2,1,3,1,2,1,3,3,1,2,1,8,3,2,5,2,0,26,4,5,1,4,0,4,3,2,0,4,2,10,2,3,4,6,4,1,1,6,5,0,25,3,0,2,4,3,8,3,2,2,1,0,2,12,5,1,0,0,1,2,5,2,0,1,5,1,4,1,4,4,2,2,2,7,15,1,3,5,3,1,11,1,1,2,1,1,1,4,7,1,5,4,24,2,2,4,5,3,3,1,2,3,1,0,1,3,2,2,3,2,0,2,2,3,4,9,4,0,0,8,3,7,4,3,1,7,8,1,5,2,3,0,4,2,1,2,2,3,4,2,3,0,1,4,3,1,3,2,7,1,1,13,4,4,3,3,2,2,2,4,0,4,4,5,9,1,2,1,5,5,1,3,0,2,4,1,2,1,3,2,5,7,1,4,3,0,0,5,6,0,0,1,0,2,2,2,0,3,0,6,4,3,0,0,1,1,9,1,2,3,0,4,2,1,5,2,17,1,3,1,1,2,3,0,2,28,1,3,10,2,0,1,4,1,2,4,8,3,2,4,0,1,4,0,2,2,2,2,2,1,1,3,10,2,5,2,1,4,3,3,6,2,3,4,1,1,1,4,3,0,5,2,0,0,1,1,6,4,4,1,2,0,2,0,0,0,10,8,1,5,1,4,3,1,3,2,7,1,3,0,17,1,1,2,4,6,5,1,1,2,2,1,0,1,3,2,2,1,1,0,1,2,3,2,3,3,8,2,4,1,5,2,1,4,0,1,3,2,0,1,0,0,4,16,1,7,0,1,0,1,2,1,9,3,3,1,3,0,2,0,0,2,0,4,4,0,2,1,1,2,2,2,2,2,3,5,2,3,3,3,0,1,3,2,4,3,0,16,2,6,3,1,31,2,10,1,13,2,7,3,5,1,3,4,0,1,3,1,1,2,2,1,0,3,0,1,1,0,3,4,5,2,3,0,0,2,1,0,0,3,3,1,5,2,0,3,2,3,10,1,4,3,1,0,0,2,25,3,2,11,4,2,0,1,2,29,1,19,2,3,3,6,2,3,1,2,7,3,0,6,0,5,7,3,5,1,3,1,1,3,5,2,1,1,0,1,0,1,2,3,2,0,3,2,2,1,2,1,0,0,1,3,0,1,3,3,1,1,2,0,9,2,2,6,2,2,2,0,2,1,2,1,0,0,1,1,3,1,3,1,5,1,0,1,2,6,1,1,4,2,2,1,2,6,1,1,1,1,1,6,0,7,3,0,3,3,2,0,3,4,3,3,3,3,4,2,4,3,10,10,2,0,0,0,3,2,2,3,2,3,1,2,0,2,1,10,3,0,1,5,0,2,0,0,2,4,0,3,1,0,4,3,2,3,7,1,4,10,4,2,3,4,5,5,0,1,10,2,2,1,1,1,0,0,2,4,13,9,2,1,1,2,1,1,6,12,0,4,1,3,2,1,2,2,2,1,0,1,7,1,1,5,16,2,3,2,0,1,0,2,0,4,2,7,3,1,1,3,4,1,5,3,0,3,1,1,11,2,4,4,0,0,0,2,2,5,1,0,1,3,2,0,2,0,2,2,0,1,0,8,2,2,1,3,0,3,7,1,2,1,2,3,4,4,2,0,2,2,0,2,4,3,2,1,5,9,4,14,0,1,3,4,2,6,0,0,2,2,2,5,2,0,3,6,1,1,5,3,2,0,2,2,1,12,3,5,5,1,1,1,2,1,20,2,2,2,3,2,1,7,2,0,1,4,0,0,0,2,0,1,2,1,0,2,0,28,0,40,0,3,1,4,2,2,0,2,1,2,0,2,0,0,0,2,2,1,7,0,1,0,3,0,0,1,0,1,1,0,1,0,0,1,0),
E=c(1.5745143088,6.3155446986,1.4738913031,4.2084647109,3.3546617054,4.0964756631,2.7809996889,3.9491924197,1.1318512913,7.1371001243,4.0984389795,2.604536806,3.1550215807,2.0841432077,4.7893590373,3.4017744007,2.4928637436,2.315900022,3.4599463572,2.2178209643,1.8002666998,2.6690680063,2.2414662436,2.3086135593,1.294876972,1.8966206012,3.5982646121,2.5471261954,3.7856403416,1.6612797001,2.2323986256,1.4400679252,1.4411505906,2.6312280814,1.6398043987,2.4193330457,2.5810869089,3.4247238091,1.690916193,2.381229923,1.7762444518,1.0822114013,2.0697248097,4.7543193799,0.0986833575,0.7911589005,1.6298659262,6.4404879302,3.1719626717,1.5356955779,3.9155184071,3.0274839979,1.8296477785,1.5501477271,3.0723793438,2.2073923341,0.2771403767,4.304198193,1.5461321659,2.9254782671,5.0544253462,2.5668834557,1.81022817,1.5630281634,1.6383404682,4.5837394105,1.7100218062,1.8967042666,1.1462026485,2.0000199893,2.6179108928,3.6770946839,2.0334658909,5.130307254,3.2550270301,3.2704590587,2.4486133654,1.8348896971,0.8559532741,2.3051202313,3.6162658376,0.8647387972,6.1286470238,3.1675156644,9.2446719012,2.3840313221,2.6596431162,1.3990913882,2.1032144149,2.4178136064,1.9597621499,0.7110095653,3.5165311704,3.8625932037,2.6018849327,2.3900879238,0.4893966224,2.4113162703,11.266861435,1.1386229311,2.4603280472,1.6966802848,3.9988393815,2.2423036807,2.2236787897,3.5060935407,6.579259254,2.8714427977,1.4570529127,2.2026825511,3.9642829437,2.3757075737,2.924495148,3.6572309015,2.9109657654,2.6504866689,5.2208432449,8.2470140817,3.2288361126,4.3935117873,2.6926409436,1.6937025952,2.6704345539,1.9539294258,3.3412106866,1.9669988487,0.5898432886,1.3463698579,2.4394213626,3.3334699225,2.3874122986,1.6515262412,1.791223756,2.8436679545,1.6337449807,1.7581489019,2.5161750626,1.922219039,2.5673929363,3.2412672368,1.3847395709,4.4094999312,2.2860560331,6.8574435054,1.6971630646,3.1186014332,3.6390589623,1.6110283142,1.4379329103,4.9963189923,2.4011086145,0.8180010044,2.1564404427,4.083615706,3.5642826911,0.2510639187,3.3915636541,2.3625747335,2.2275164783,3.544871233,5.5584337433,2.3091883711,2.0291645121,2.4180946619,3.4600888831,1.8083046282,2.5718208718,2.9979325896,1.9245269668,2.5971420043,2.8164297716,2.2749991394,6.5723448198,2.61582099,2.2759735829,1.1109733839,1.894899799,5.7713279122,3.1972415077,3.8705718528,1.2399068259,1.4603464358,3.4145021813,2.0019588068,1.8007348579,5.1426503267,3.2074538009,0.2624100704,1.5090965575,1.2591984049,4.1653612986,6.7477060515,5.4310249316,3.5383564862,4.89895981,1.7681137448,2.4316597025,7.3666077258,6.6567304649,1.5109410617,3.0811325096,1.411524805,1.8363796914,1.5598625173,3.7815253731,4.7930133407,3.1389151419,3.8968386859,3.1799339087,2.8875187352,1.722390833,2.3281199041,2.8248061386,3.2414899333,2.8862032674,2.4351071275,5.4593014869,1.7582739327,3.9755983162,2.2799746054,2.2193819892,1.8762846149,2.2706895279,0.7686560315,8.9504364042,2.7398230496,4.5302196779,1.6786406315,3.6378802543,3.1323381295,3.6080377888,1.1054722872,2.3015714813,2.272175882,2.35699342,1.7129477134,5.026064953,2.438841345,4.9435241652,4.2802680666,2.8765491223,3.835952779,2.458766167,1.4044741168,4.9072824529,3.4883384264,1.8881870267,1.6608650974,2.350522001,0.9731170202,2.730439596,6.0049904732,5.2367525427,3.9390773967,2.1502345399,2.4038075247,2.7503415546,3.0792835643,0.6879928701,1.4721324833,2.3802229699,4.2598803414,2.308708542,3.0843665346,0.9932518313,2.693521436,1.7085003863,5.4660621981,1.3406873326,1.0391885178,3.5784614505,3.4970225902,2.9601609875,3.3555494971,1.6306196587,2.6666746254,3.4295244155,1.2207812979,1.8670007258,8.1687025186,7.5717965716,2.3126799634,2.5488070846,1.6571940819,5.1643495092,1.902587339,1.5809075051,5.5036413575,2.2143480609,0.8578306458,3.1757454806,3.2681367339,3.2011057379,1.8829064007,4.0765944792,7.2986709518,2.3157678902,3.7928127907,7.1445509412,6.5314391569,3.0281005277,3.6509230382,5.3687574406,5.1398786426,2.5356669236,2.539203188,1.2613710702,5.6827954463,7.2196145699,1.8003589845,1.9213613014,2.771496815,2.1991814363,4.1728494072,4.2778211153,2.1951951932,2.6018541996,4.062994225,4.1102052282,1.3469517661,4.0752505586,4.5178275703,4.3320857027,7.4091640061,3.2583736825,1.5893578438,6.5341240559,3.6192118469,3.1206711482,1.8260346068,2.068839273,1.2806755829,3.5650338884,8.867070392,3.7512829701,3.2485047572,2.2033170356,1.8018019565,1.4635091331,4.9505456749,3.6834733775,2.6068493033,3.1230530129,1.8335909614,3.9758377025,1.4296436308,3.1381697623,2.8259808018,1.9661382129,4.1303905207,0.8397072838,4.5280903532,1.9232233378,2.8608810867,2.3660701137,3.1873628192,1.3418606302,4.6166668349,1.6119933575,3.4333688165,3.2122790135,4.1112915947,2.8998461851,2.285190439,1.4720687312,2.1591338677,1.6007896465,0.3113002874,6.2171941758,3.8565021159,10.050209234,1.2804196715,1.8618369457,2.1011715208,1.1512359684,5.5195643509,2.5864650652,2.2809086861,5.8396547548,2.4206176825,0.9354861495,1.1583742987,2.260948398,2.9132079537,1.2699738019,2.9292199423,2.8221277403,3.189264261,2.7279170626,4.90092261,2.2705664145,2.6668919742,1.9493705752,2.7064094537,3.0772153775,4.1816438032,0.7397566461,1.1180462039,2.41159087,1.8162742466,2.6583419186,2.2257401892,2.9412725466,0.6354603839,2.5218339722,2.0374960724,3.7697470184,2.8613729453,5.4519148125,0.9362496052,2.08212066,1.7423665272,3.3703269965,2.7929612308,8.5247732217,1.3523188751,3.9406722848,3.1667806785,4.2836652918,2.9279370592,1.989744187,2.6872919838,4.4102956699,4.614977071,2.6732802155,2.8980730536,1.7432012195,2.2943110341,1.5045804367,3.2049918878,1.475225094,4.1262563639,3.8873885373,2.7333531101,1.5916160085,5.3059718688,3.2286124996,2.3529420812,2.3603928723,2.1130523629,3.6784898277,4.9688821774,3.2056815908,7.3533138754,1.9736350046,0.9846309661,2.0316235007,0.9770420347,4.2077040088,2.7870815769,1.9785419909,2.5626544031,4.5844243782,0.4769524288,