list(N=200,y = c(604, 500, 467, 542, 486, 511, 536, 542, 536, 538, 535, 556, 
439, 533, 474, 545, 593, 605, 460, 514, 561, 509, 442, 584, 498, 
579, 347, 524, 503, 461, 536, 520, 522, 589, 481, 560, 604, 466, 
409, 608, 618, 559, 603, 586, 533, 465, 584, 489, 516, 456, 512, 
585, 544, 517, 362, 473, 417, 487, 532, 364, 530, 557, 469, 554, 
421, 547, 536, 572, 484, 562, 520, 532, 500, 461, 358, 612, 482, 
470, 567, 528, 564, 582, 601, 540, 478, 408, 527, 553, 516, 635, 
545, 631, 440, 659, 651, 531, 516, 502, 573, 529, 560, 548, 600, 
565, 554, 548, 567, 600, 558, 617, 451, 641, 679, 602, 614, 544, 
581, 532, 571, 375, 767, 586, 643, 612, 481, 505, 607, 637, 583, 
502, 588, 724, 498, 494, 615, 464, 616, 573, 549, 583, 563, 575, 
375, 520, 510, 491, 396, 456, 637, 554, 473, 489, 489, 509, 513, 
484, 519, 476, 454, 514, 418, 413, 625, 574, 498, 490, 469, 451, 
564, 442, 536, 533, 436, 449, 500, 483, 459, 580, 507, 500, 610, 
450, 519, 480, 567, 516, 462, 507, 491, 437, 548, 530, 597, 412, 
442, 537, 466, 565, 379, 556)
 ,age = c(51, 46, 41, 47, 35, 46, 46, 47, 47, 43, 42, 46, 38, 38, 46, 
45, 40, 45, 43, 42, 47, 46, 34, 49, 43, 51, 33, 50, 35, 43, 48, 
37, 46, 46, 44, 47, 56, 45, 37, 45, 53, 41, 49, 48, 45, 43, 50, 
46, 53, 45, 46, 40, 47, 36, 41, 46, 40, 53, 37, 74, 52, 48, 37, 
42, 38, 46, 50, 48, 40, 47, 40, 43, 40, 45, 36, 52, 48, 45, 43, 
48, 45, 47, 42, 42, 36, 34, 47, 46, 41, 47, 43, 47, 36, 48, 46, 
42, 42, 32, 40, 43, 47, 39, 43, 42, 43, 42, 35, 43, 46, 48, 47, 
51, 42, 52, 51, 46, 48, 47, 37, 75, 57, 50, 55, 50, 40, 42, 44, 
48, 42, 50, 43, 52, 39, 39, 54, 36, 44, 51, 49, 50, 47, 45, 40, 
51, 51, 46, 36, 44, 52, 48, 47, 45, 41, 42, 46, 38, 46, 48, 40, 
46, 39, 45, 51, 49, 47, 50, 44, 39, 48, 43, 42, 46, 38, 39, 42, 
44, 43, 43, 48, 47, 52, 42, 42, 41, 41, 52, 37, 44, 43, 42, 54, 
53, 48, 37, 42, 43, 50, 43, 37, 45)

,r = c(1, 1, 1, 1, 1, 1, 1, 1, 1, 1, 1, 1, 1, 1, 1, 1, 1, 1, 1, 1, 
1, 1, 1, 1, 1, 1, 1, 1, 1, 1, 1, 1, 1, 1, 1, 1, 1, 1, 1, 1, 1, 
1, 1, 1, 1, 1, 1, 1, 1, 1, 1, 1, 1, 1, 1, 1, 1, 1, 1, 1, 1, 1, 
1, 1, 1, 1, 1, 1, 1, 1, 1, 1, 1, 1, 1, 1, 1, 1, 2, 2, 2, 2, 2, 
2, 2, 2, 2, 2, 2, 2, 2, 2, 2, 2, 2, 2, 2, 2, 2, 2, 2, 2, 2, 2, 
2, 2, 2, 2, 2, 2, 2, 2, 2, 2, 2, 2, 2, 2, 2, 2, 2, 2, 2, 2, 2, 
2, 2, 2, 2, 2, 2, 2, 2, 2, 2, 2, 2, 2, 3, 3, 3, 3, 3, 3, 3, 3, 
3, 3, 3, 3, 3, 3, 3, 3, 3, 3, 3, 3, 3, 3, 3, 3, 3, 3, 3, 3, 3, 
3, 3, 3, 3, 3, 3, 3, 3, 3, 3, 3, 3, 3, 3, 3, 3, 3, 3, 3, 3, 3, 
3, 3, 3, 3, 3, 3, 3, 3, 3, 3, 3, 3)

)