list(N=452
,O=c(0, 2, 1, 2, 2, 0, 1, 0, 2, 0, 1, 3, 0, 0, 1, 1, 0, 0, 0, 0, 
0, 0, 0, 0, 1, 0, 1, 3, 0, 0, 4, 1, 5, 0, 2, 2, 0, 2, 1, 1, 1, 
3, 1, 0, 5, 1, 3, 4, 4, 0, 1, 7, 0, 0, 1, 1, 1, 0, 0, 0, 2, 3, 
0, 1, 0, 5, 0, 0, 2, 1, 2, 1, 1, 3, 2, 2, 0, 0, 1, 1, 2, 1, 1, 
0, 2, 4, 2, 1, 1, 0, 1, 0, 1, 2, 3, 1, 1, 0, 2, 5, 2, 3, 2, 2, 
1, 4, 4, 2, 4, 2, 4, 1, 2, 3, 1, 1, 2, 0, 3, 1, 2, 1, 1, 0, 2, 
0, 3, 1, 2, 4, 0, 0, 6, 2, 3, 1, 1, 0, 5, 4, 1, 1, 2, 0, 3, 2, 
3, 3, 5, 1, 1, 0, 2, 1, 0, 8, 2, 5, 4, 3, 0, 1, 3, 0, 0, 0, 2, 
2, 1, 3, 1, 2, 5, 2, 2, 1, 1, 3, 1, 1, 0, 2, 1, 1, 0, 1, 0, 2, 
3, 0, 1, 2, 6, 2, 1, 1, 0, 0, 3, 4, 1, 1, 3, 0, 8, 1, 3, 0, 7, 
1, 1, 1, 0, 0, 0, 1, 0, 2, 0, 4, 0, 1, 3, 1, 0, 2, 4, 5, 6, 0, 
0, 0, 4, 1, 0, 0, 0, 0, 1, 4, 0, 0, 0, 1, 0, 4, 0, 0, 0, 2, 1, 
0, 1, 1, 0, 1, 0, 4, 2, 0, 4, 3, 3, 4, 0, 0, 3, 0, 1, 3, 0, 1, 
3, 0, 0, 0, 0, 0, 0, 0, 0, 2, 4, 0, 3, 0, 4, 1, 2, 6, 2, 0, 5, 
4, 1, 4, 2, 4, 0, 5, 1, 2, 4, 3, 4, 1, 0, 1, 0, 1, 1, 3, 2, 1, 
1, 0, 3, 3, 0, 0, 3, 0, 1, 1, 0, 0, 2, 0, 0, 2, 0, 0, 1, 1, 0, 
0, 0, 0, 0, 0, 2, 3, 0, 2, 5, 0, 4, 0, 0, 0, 0, 0, 0, 1, 0, 3, 
1, 1, 0, 2, 2, 3, 1, 1, 1, 3, 0, 2, 0, 0, 1, 2, 5, 0, 2, 2, 0, 
0, 1, 0, 0, 0, 0, 2, 1, 1, 5, 0, 0, 1, 0, 0, 1, 0, 0, 0, 1, 1, 
0, 0, 1, 0, 0, 2, 1, 3, 0, 0, 0, 0, 0, 0, 1, 1, 0, 0, 0, 0, 0, 
1, 0, 0, 0, 2, 0, 3, 0, 1, 0, 2, 1, 0, 2, 0, 3, 1, 4, 0, 0, 0, 
0, 0, 3, 0, 0, 1, 0, 3, 1, 1, 0, 1)

,n=c(128, 129, 161, 132, 129, 128, 106, 141, 141, 101, 128, 120, 
112, 126, 125, 122, 102, 122, 130, 143, 158, 145, 123, 118, 124, 
126, 130, 156, 149, 152, 143, 133, 138, 130, 119, 140, 137, 121, 
131, 132, 128, 129, 159, 200, 183, 139, 150, 148, 171, 173, 151, 
164, 127, 139, 144, 128, 136, 120, 117, 112, 146, 145, 115, 140, 
135, 144, 123, 127, 124, 132, 119, 131, 120, 131, 126, 125, 115, 
121, 109, 128, 131, 131, 145, 128, 134, 134, 129, 131, 131, 136, 
131, 135, 128, 142, 131, 119, 126, 164, 121, 174, 145, 135, 127, 
118, 130, 131, 121, 141, 126, 131, 139, 129, 127, 137, 123, 125, 
125, 122, 130, 111, 149, 168, 136, 92, 132, 126, 135, 112, 131, 
121, 120, 138, 150, 139, 143, 143, 151, 100, 136, 119, 140, 120, 
96, 100, 121, 137, 114, 130, 129, 145, 131, 141, 128, 130, 124, 
141, 145, 134, 129, 129, 130, 122, 131, 120, 142, 137, 126, 126, 
118, 131, 117, 128, 120, 117, 107, 129, 133, 139, 115, 142, 122, 
122, 128, 126, 115, 118, 145, 146, 166, 108, 123, 135, 128, 127, 
140, 117, 139, 107, 120, 130, 115, 151, 108, 112, 138, 137, 95, 
127, 155, 109, 105, 145, 146, 123, 120, 141, 131, 134, 124, 110, 
134, 117, 126, 141, 149, 239, 134, 138, 143, 134, 115, 123, 110, 
103, 141, 128, 143, 121, 129, 147, 118, 105, 114, 146, 139, 135, 
122, 131, 136, 135, 132, 134, 132, 130, 113, 138, 120, 111, 158, 
131, 130, 126, 132, 106, 142, 147, 121, 124, 127, 117, 126, 135, 
137, 154, 153, 105, 143, 108, 116, 120, 108, 119, 111, 134, 123, 
148, 128, 118, 134, 143, 135, 129, 127, 104, 125, 135, 127, 128, 
111, 127, 130, 126, 128, 128, 136, 122, 124, 133, 124, 117, 123, 
126, 147, 110, 127, 127, 122, 132, 142, 124, 138, 137, 104, 116, 
120, 126, 118, 138, 114, 115, 116, 124, 117, 116, 118, 122, 124, 
133, 127, 129, 142, 115, 127, 127, 139, 151, 149, 146, 118, 130, 
140, 123, 108, 162, 114, 130, 142, 125, 129, 132, 124, 138, 116, 
134, 114, 125, 122, 127, 134, 130, 121, 122, 143, 138, 118, 107, 
139, 124, 102, 139, 106, 135, 121, 135, 136, 164, 105, 161, 129, 
147, 131, 120, 105, 98, 131, 125, 146, 148, 119, 91, 113, 150, 
199, 122, 109, 126, 139, 147, 114, 115, 147, 121, 133, 133, 123, 
78, 127, 127, 120, 120, 111, 125, 128, 124, 114, 133, 135, 131, 
129, 141, 133, 126, 152, 133, 128, 128, 139, 109, 121, 125, 132, 
124, 138, 123, 130, 140, 118, 120, 127, 121, 131, 136)

,x_own=c(46.4, 5.42635658914729, 54.320987654321, 64.6616541353383, 
30, 67.1875, 66.6666666666667, 21.1267605633803, 56.3380281690141, 
96, 53.5433070866142, 24.1666666666667, 91.8918918918919, 82.4, 
73.9837398373984, 37.3983739837398, 46.4646464646465, 67.7685950413223, 
82.4427480916031, 66.8965517241379, 97.4522292993631, 54.4827586206897, 
51.219512195122, 74.5762711864407, 58.0645161290323, 56.8, 39.2307692307692, 
66.6666666666667, 44.8979591836735, 60.2649006622517, 52.112676056338, 
37.3134328358209, 92.8057553956834, 41.5384615384615, 29.1666666666667, 
9.9290780141844, 94.8905109489051, 80.8333333333333, 43.5114503816794, 
64.6153846153846, 93.8461538461538, 55.7251908396947, 63.5220125786163, 
33.5, 55.1912568306011, 19.8581560283688, 68.9189189189189, 38.5135135135135, 
42.1052631578947, 25.4335260115607, 45.0980392156863, 53.0120481927711, 
80.9523809523809, 58.9928057553957, 43.0555555555556, 62.992125984252, 
61.7647058823529, 43.801652892562, 39.8305084745763, 65.2173913043478, 
69.3877551020408, 42.0689655172414, 65.7657657657658, 73.5714285714286, 
39.8550724637681, 34.8993288590604, 26.5151515151515, 37.5, 62.4, 
58.7786259541985, 16.8067226890756, 56.4885496183206, 43.5897435897436, 
12.9770992366412, 35.2, 16.5354330708661, 32.1739130434783, 52.4590163934426, 
69.1588785046729, 45.6692913385827, 14.1791044776119, 35.8778625954198, 
24.3055555555556, 61.4173228346457, 35.3383458646617, 24.6268656716418, 
68.2170542635659, 51.1450381679389, 50.7692307692308, 30.3703703703704, 
89.3129770992366, 44.6043165467626, 90.6976744186046, 61.9718309859155, 
45.0381679389313, 46.218487394958, 91.869918699187, 54.5454545454545, 
50, 32.183908045977, 82.7586206896552, 80.2919708029197, 62.2047244094488, 
42.3728813559322, 41.5384615384615, 43.2835820895522, 4.91803278688525, 
35.4609929078014, 30.4, 34.3511450381679, 63.3093525179856, 52.3076923076923, 
62.015503875969, 59.1240875912409, 60.655737704918, 27.2, 23.7704918032787, 
58.5365853658537, 73.6434108527132, 18.9189189189189, 30.8724832214765, 
36.3095238095238, 49.2537313432836, 61.9565217391304, 76.865671641791, 
77.9527559055118, 39.2592592592593, 71.1711711711712, 54.9618320610687, 
59.349593495935, 60, 64.4927536231884, 77.3333333333333, 69.8529411764706, 
63.8297872340426, 83.8028169014084, 71.2418300653595, 60.3448275862069, 
54.4776119402985, 30.5084745762712, 35.7142857142857, 80, 89.3617021276596, 
93, 52.0661157024793, 67.4074074074074, 72.5663716814159, 63.6363636363636, 
60.4651162790698, 70.1388888888889, 55.7251908396947, 34.965034965035, 
76.5625, 39.3939393939394, 49.1803278688525, 47.1428571428571, 
73.0496453900709, 50.7462686567164, 55.8139534883721, 54.1353383458647, 
31.5789473684211, 84.4262295081967, 12.4031007751938, 62.7118644067797, 
39.4366197183099, 85.6115107913669, 40.4761904761905, 54.7619047619048, 
70.3389830508475, 59.5419847328244, 87.1794871794872, 42.96875, 
58.6776859504132, 33.3333333333333, 32.3809523809524, 42.8571428571429, 
51.5151515151515, 91.970802919708, 45.3781512605042, 48.2517482517483, 
81.6666666666667, 69.2913385826772, 41.9847328244275, 87.5, 45.6896551724138, 
64.1025641025641, 28.3783783783784, 41.0958904109589, 6.02409638554217, 
87.962962962963, 76.4227642276423, 38.5714285714286, 33.8461538461538, 
40.9448818897638, 89.2857142857143, 50.8771929824561, 70.9219858156028, 
23.1481481481481, 57.9831932773109, 36.9230769230769, 60, 83.0065359477124, 
69.4444444444444, 93.859649122807, 27.2058823529412, 69.1729323308271, 
45.7446808510638, 44.53125, 50, 54.1284403669725, 40, 98.5915492957747, 
91.2162162162162, 89.4308943089431, 77.3109243697479, 85.8156028368794, 
70.9923664122137, 84.4444444444444, 88.8888888888889, 50.4587155963303, 
88.6363636363636, 81.1965811965812, 63.8461538461538, 41.3793103448276, 
25.503355704698, 15, 28.030303030303, 11.5942028985507, 62.9370629370629, 
98.5074626865672, 95.6140350877193, 96.7479674796748, 91.8918918918919, 
47.5247524752475, 80.8510638297872, 81.7460317460317, 87.5, 82.6446280991736, 
96.0629921259843, 83.6734693877551, 55.0847457627119, 88.6792452830189, 
59.349593495935, 43.1506849315069, 66.9064748201439, 63.768115942029, 
88.3333333333333, 77.6923076923077, 84.6715328467153, 91.1111111111111, 
