list( n = 46 , y = c( 4.692265, 4.369448, 4.836282, 4.212128, 4.426044, 
4.787492, 4.41401, 4.563306, 4.693181, 4.443827, 4.551769, 4.853592, 4.55598, 
4.49981, 5.12158, 4.68675, 4.74232, 4.518522, 4.50535, 4.678421, 4.428433, 
4.643429, 4.806477, 4.4613, 4.506454, 4.70048, 4.967728, 4.4613, 4.268298, 
4.411585, 4.309456, 4.721174, 4.45783, 4.566429, 4.60617, 4.803201, 4.532599, 
4.795791, 4.346399, 4.007333, 4.840242, 4.683981, 4.395683, 4.584967, 4.566429, 
4.707727) , delta.lim = c( -1.351246, 1) , eigenvalues.of.W = c( 1, 0.9701024, 
0.9192925, 0.8763084, 0.8268137, 0.764935, -0.7181829, 0.6850291, -0.6538933, 
-0.6163563, 0.5978051, -0.5807748, -0.5643673, -0.5489102, 0.5355115, 
-0.5303184, 0.5216183, -0.5080217, -0.4930367, 0.490186, -0.4476519, 
-0.4378701, -0.41236, -0.4014054, 0.3858991, -0.3852, -0.3556037, 0.3404449, 
-0.3388166, -0.3295581, -0.2870169, -0.2631907, -0.2399537, 0.2246837, 
-0.2226552, 0.2007463, -0.1884317, 0.181573, 0.1624328, 0.1274557, -0.1148938, 
-0.1050972, -0.07596652, 0.07131243, -0.04184436, -0.02077245) , m = 10 , 
trace.of.powers.of.W = c( 0, 11.49574, 3.065836, 5.920746, 3.271915, 4.076985, 
3.027272, 3.235206, 2.743166, 2.76067, 2.495104) , X = c( 0.2048736, 0.1663959, 
0.2340602, 0.3639895, 0.3214945, 0.2192872, 0.2894624, 0.2873256, 0.1282609, 
0.1754077, 0.2480621, 0.08991758, 0.2408056, 0.2164211, -0.03259977, 0.2385622, 
0.291062, 0.1257499, 0.2261327, 0.2306704, 0.3429677, 0.1363784, 0.08730832, 
0.15303, 0.1890699, 0.3230437, 0.1585195, 0.3090139, 0.1645838, 0.3470061, 
0.1819651, 0.1288877, 0.1955386, 0.2278367, 0.3032411, 0.07943942, 0.1313908, 
0.1554735, 0.2819637, 0.1926035, 0.180181, 0.1181789, 0.3505264, 0.1200771, 
0.2295379, 0.1002871) , Wy = c( 4.673927, 4.29706, 4.622779, 4.534964, 
4.507702, 4.515417, 4.601252, 4.692723, 4.713641, 4.454505, 4.780812, 4.768236, 
4.56536, 4.590254, 4.713964, 4.608703, 4.967728, 4.607376, 4.650354, 4.713732, 
4.491116, 4.752772, 4.665687, 4.498402, 4.620519, 4.258184, 4.695971, 4.588502, 
4.295253, 4.559873, 4.474111, 4.760998, 4.551453, 4.58084, 4.465697, 4.693181, 
4.494892, 4.782456, 4.56229, 4.497956, 4.628221, 4.686974, 4.443827, 4.722337, 
4.553651, 4.390303) , WX = c( 0.1768596, 0.2610551, 0.1825375, 0.2447198, 
0.2921266, 0.2208668, 0.1219644, 0.1665673, 0.181778, 0.2238981, 0.1229939, 
0.1437551, 0.2047228, 0.1573056, 0.135415, 0.2174674, 0.1585195, 0.1949685, 
0.2620884, 0.1494477, 0.1959249, 0.2082424, 0.1808539, 0.1472627, 0.1552426, 
0.2245992, 0.2324585, 0.26471, 0.2091254, 0.2529318, 0.2091295, 0.1271804, 
0.1968674, 0.208337, 0.2738136, 0.1282609, 0.2013542, 0.1252087, 0.2081862, 
0.1859436, 0.2438861, 0.1316326, 0.1754077, 0.1136107, 0.2656265, 0.1683004) )
